9
4 6
10
0 1 0
0 3 0
0 9 0
1 2 0
1 3 0
1 7 0
1 8 0
1 9 0
2 3 0
2 4 0
2 5 0
2 6 0
2 7 0
3 4 0
4 5 9
5 6 9
6 7 0
7 8 0
8 9 0
2
0 0
2
0 1 2
2
0 0
2
0 1 2
2
0 0
2
0 1 2
2
0 0
2
0 1 2
0
0 0
2
1 0 0
2
0 0
2
0 1 2
0
0 0
2
1 0 0
2
0 0
2
0 1 2
1 0 0
2
0 0
2
0 1 2
0
0 0
2
1 0 0
2
0 0
2
0 1 2
1 0 0
10
0 0
8
0 1 10
1 2 10
2 3 10
3 4 10
4 5 10
5 6 10
6 7 10
2
0 0
2
0 1 2
0
0 0
2
1 0 0
2
0 0
2
0 1 2
1 0 0
10
0 0
8
0 1 10
1 2 10
2 3 10
3 4 10
4 5 10
5 6 10
6 7 10
50
0 0
7
0 1 10
0 2 10
0 3 10
0 4 10
0 5 10
1 6 10
2 6 10
3 6 10
4 6 10
5 6 10
2
0 0
2
0 1 2
0
0 0
2
1 0 0
2
0 0
2
0 1 2
1 0 0
10
0 0
8
0 1 10
1 2 10
2 3 10
3 4 10
4 5 10
5 6 10
6 7 10
50
0 0
7
0 1 10
0 2 10
0 3 10
0 4 10
0 5 10
1 6 10
2 6 10
3 6 10
4 6 10
5 6 10
2000
0 0
5
0 1 1000
0 2 1000
1 2 0
1 4 1000
3 4 0
2000
0 0
4
0 1 1000
0 2 1000
1 2 0
1 3 1000
2 3 1000
16
0 0
8
0 1 4
0 2 5
0 3 7
1 4 4
2 4 5
2 5 0
2 6 0
3 5 7
3 6 0
4 7 7
5 7 6
6 7 0
2
0 0
2
0 1 2
0
0 0
2
1 0 0
2
0 0
2
0 1 2
1 0 0
10
0 0
8
0 1 10
1 2 10
2 3 10
3 4 10
4 5 10
5 6 10
6 7 10
50
0 0
7
0 1 10
0 2 10
0 3 10
0 4 10
0 5 10
1 6 10
2 6 10
3 6 10
4 6 10
5 6 10
2
0 0
2
0 1 2
0
0 0
2
1 0 0
2
0 0
2
0 1 2
1 0 0
10
0 0
8
0 1 10
1 2 10
2 3 10
3 4 10
4 5 10
5 6 10
6 7 10
50
0 0
7
0 1 10
0 2 10
0 3 10
0 4 10
0 5 10
1 6 10
2 6 10
3 6 10
4 6 10
5 6 10
2000
0 0
5
0 1 1000
0 2 1000
1 2 0
1 4 1000
3 4 0
2000
0 0
4
0 1 1000
0 2 1000
1 2 0
1 3 1000
2 3 1000
16
0 0
8
0 1 4
0 2 5
0 3 7
1 4 4
2 4 5
2 5 0
2 6 0
3 5 7
3 6 0
4 7 7
5 7 6
6 7 0
2
0 0
2
0 1 2
0
0 0
2
1 0 0
2
0 0
2
0 1 2
1 0 0
10
0 0
8
0 1 10
1 2 10
2 3 10
3 4 10
4 5 10
5 6 10
6 7 10
50
0 0
7
0 1 10
0 2 10
0 3 10
0 4 10
0 5 10
1 6 10
2 6 10
3 6 10
4 6 10
5 6 10
2000
0 0
5
0 1 1000
0 2 1000
1 2 0
1 4 1000
3 4 0
2000
0 0
4
0 1 1000
0 2 1000
1 2 0
1 3 1000
2 3 1000
16
0 0
8
0 1 4
0 2 5
0 3 7
1 4 4
2 4 5
2 5 0
2 6 0
3 5 7
3 6 0
4 7 7
5 7 6
6 7 0
2
0 0
2
0 1 2
0
0 0
2
1 0 0
2
0 0
2
0 1 2
1 0 0
10
0 0
8
0 1 10
1 2 10
2 3 10
3 4 10
4 5 10
5 6 10
6 7 10
50
0 0
7
0 1 10
0 2 10
0 3 10
0 4 10
0 5 10
1 6 10
2 6 10
3 6 10
4 6 10
5 6 10
2000
0 0
5
0 1 1000
0 2 1000
1 2 0
1 4 1000
3 4 0
2000
0 0
4
0 1 1000
0 2 1000
1 2 0
1 3 1000
2 3 1000
16
0 0
8
0 1 4
0 2 5
0 3 7
1 4 4
2 4 5
2 5 0
2 6 0
3 5 7
3 6 0
4 7 7
5 7 6
6 7 0
2
0 0
2
0 1 2
0
0 0
2
1 0 0
2
0 0
2
0 1 2
1 0 0
10
0 0
8
0 1 10
1 2 10
2 3 10
3 4 10
4 5 10
5 6 10
6 7 10
50
0 0
7
0 1 10
0 2 10
0 3 10
0 4 10
0 5 10
1 6 10
2 6 10
3 6 10
4 6 10
5 6 10
2000
0 0
5
0 1 1000
0 2 1000
1 2 0
1 4 1000
3 4 0
2000
0 0
4
0 1 1000
0 2 1000
1 2 0
1 3 1000
2 3 1000
16
0 0
8
0 1 4
0 2 5
0 3 7
1 4 4
2 4 5
2 5 0
2 6 0
3 5 7
3 6 0
4 7 7
5 7 6
6 7 0
2
0 0
2
0 1 2
0
0 0
2
1 0 0
2
0 0
2
0 1 2
1 0 0
10
0 0
8
0 1 10
1 2 10
2 3 10
3 4 10
4 5 10
5 6 10
6 7 10
50
0 0
7
0 1 10
0 2 10
0 3 10
0 4 10
0 5 10
1 6 10
2 6 10
3 6 10
4 6 10
5 6 10
2000
0 0
5
0 1 1000
0 2 1000
1 2 0
1 4 1000
3 4 0
2000
0 0
4
0 1 1000
0 2 1000
1 2 0
1 3 1000
2 3 1000
16
0 0
8
0 1 4
0 2 5
0 3 7
1 4 4
2 4 5
2 5 0
2 6 0
3 5 7
3 6 0
4 7 7
5 7 6
6 7 0
2
0 0
2
0 1 2
0
0 0
2
1 0 0
2
0 0
2
0 1 2
1 0 0
10
0 0
8
0 1 10
1 2 10
2 3 10
3 4 10
4 5 10
5 6 10
6 7 10
50
0 0
7
0 1 10
0 2 10
0 3 10
0 4 10
0 5 10
1 6 10
2 6 10
3 6 10
4 6 10
5 6 10
2000
0 0
5
0 1 1000
0 2 1000
1 2 0
1 4 1000
3 4 0
2000
0 0
4
0 1 1000
0 2 1000
1 2 0
1 3 1000
2 3 1000
16
0 0
8
0 1 4
0 2 5
0 3 7
1 4 4
2 4 5
2 5 0
2 6 0
3 5 7
3 6 0
4 7 7
5 7 6
6 7 0
2
0 0
2
0 1 2
0
0 0
2
1 0 0
2
0 0
2
0 1 2
1 0 0
10
0 0
8
0 1 10
1 2 10
2 3 10
3 4 10
4 5 10
5 6 10
6 7 10
50
0 0
7
0 1 10
0 2 10
0 3 10
0 4 10
0 5 10
1 6 10
2 6 10
3 6 10
4 6 10
5 6 10
2000
0 0
5
0 1 1000
0 2 1000
1 2 0
1 4 1000
3 4 0
2000
0 0
4
0 1 1000
0 2 1000
1 2 0
1 3 1000
2 3 1000
16
0 0
8
0 1 4
0 2 5
0 3 7
1 4 4
2 4 5
2 5 0
2 6 0
3 5 7
3 6 0
4 7 7
5 7 6
6 7 0
2
0 0
2
0 1 2
0
0 0
2
1 0 0
2
0 0
2
0 1 2
1 0 0
10
0 0
8
0 1 10
1 2 10
2 3 10
3 4 10
4 5 10
5 6 10
6 7 10
50
0 0
7
0 1 10
0 2 10
0 3 10
0 4 10
0 5 10
1 6 10
2 6 10
3 6 10
4 6 10
5 6 10
2000
0 0
5
0 1 1000
0 2 1000
1 2 0
1 4 1000
3 4 0
2000
0 0
4
0 1 1000
0 2 1000
1 2 0
1 3 1000
2 3 1000
16
0 0
8
0 1 4
0 2 5
0 3 7
1 4 4
2 4 5
2 5 0
2 6 0
3 5 7
3 6 0
4 7 7
5 7 6
6 7 0
2
0 0
2
0 1 2
0
0 0
2
1 0 0
2
0 0
2
0 1 2
1 0 0
10
0 0
8
0 1 10
1 2 10
2 3 10
3 4 10
4 5 10
5 6 10
6 7 10
50
0 0
7
0 1 10
0 2 10
0 3 10
0 4 10
0 5 10
1 6 10
2 6 10
3 6 10
4 6 10
5 6 10
2000
0 0
5
0 1 1000
0 2 1000
1 2 0
1 4 1000
3 4 0
2000
0 0
4
0 1 1000
0 2 1000
1 2 0
1 3 1000
2 3 1000
16
0 0
8
0 1 4
0 2 5
0 3 7
1 4 4
2 4 5
2 5 0
2 6 0
3 5 7
3 6 0
4 7 7
5 7 6
6 7 0
2
0 0
2
0 1 2
0
0 0
2
1 0 0
2
0 0
2
0 1 2
1 0 0
10
0 0
8
0 1 10
1 2 10
2 3 10
3 4 10
4 5 10
5 6 10
6 7 10
50
0 0
7
0 1 10
0 2 10
0 3 10
0 4 10
0 5 10
1 6 10
2 6 10
3 6 10
4 6 10
5 6 10
2000
0 0
5
0 1 1000
0 2 1000
1 2 0
1 4 1000
3 4 0
2000
0 0
4
0 1 1000
0 2 1000
1 2 0
1 3 1000
2 3 1000
16
0 0
8
0 1 4
0 2 5
0 3 7
1 4 4
2 4 5
2 5 0
2 6 0
3 5 7
3 6 0
4 7 7
5 7 6
6 7 0
2
0 0
2
0 1 2
0
0 0
2
1 0 0
2
0 0
2
0 1 2
1 0 0
10
0 0
8
0 1 10
1 2 10
2 3 10
3 4 10
4 5 10
5 6 10
6 7 10
50
0 0
7
0 1 10
0 2 10
0 3 10
0 4 10
0 5 10
1 6 10
2 6 10
3 6 10
4 6 10
5 6 10
2000
0 0
5
0 1 1000
0 2 1000
1 2 0
1 4 1000
3 4 0
2000
0 0
4
0 1 1000
0 2 1000
1 2 0
1 3 1000
2 3 1000
16
0 0
8
0 1 4
0 2 5
0 3 7
1 4 4
2 4 5
2 5 0
2 6 0
3 5 7
3 6 0
4 7 7
5 7 6
6 7 0
2
0 0
2
0 1 2
0
0 0
2
1 0 0
2
0 0
2
0 1 2
1 0 0
10
0 0
8
0 1 10
1 2 10
2 3 10
3 4 10
4 5 10
5 6 10
6 7 10
50
0 0
7
0 1 10
0 2 10
0 3 10
0 4 10
0 5 10
1 6 10
2 6 10
3 6 10
4 6 10
5 6 10
2000
0 0
5
0 1 1000
0 2 1000
1 2 0
1 4 1000
3 4 0
2000
0 0
4
0 1 1000
0 2 1000
1 2 0
1 3 1000
2 3 1000
16
0 0
8
0 1 4
0 2 5
0 3 7
1 4 4
2 4 5
2 5 0
2 6 0
3 5 7
3 6 0
4 7 7
5 7 6
6 7 0
2
0 0
2
0 1 2
0
0 0
2
1 0 0
2
0 0
2
0 1 2
1 0 0
10
0 0
8
0 1 10
1 2 10
2 3 10
3 4 10
4 5 10
5 6 10
6 7 10
50
0 0
7
0 1 10
0 2 10
0 3 10
0 4 10
0 5 10
1 6 10
2 6 10
3 6 10
4 6 10
5 6 10
2000
0 0
5
0 1 1000
0 2 1000
1 2 0
1 4 1000
3 4 0
2000
0 0
4
0 1 1000
0 2 1000
1 2 0
1 3 1000
2 3 1000
16
0 0
8
0 1 4
0 2 5
0 3 7
1 4 4
2 4 5
2 5 0
2 6 0
3 5 7
3 6 0
4 7 7
5 7 6
6 7 0
2
0 0
2
0 1 2
0
0 0
2
1 0 0
2
0 0
2
0 1 2
1 0 0
10
0 0
8
0 1 10
1 2 10
2 3 10
3 4 10
4 5 10
5 6 10
6 7 10
50
0 0
7
0 1 10
0 2 10
0 3 10
0 4 10
0 5 10
1 6 10
2 6 10
3 6 10
4 6 10
5 6 10
2000
0 0
5
0 1 1000
0 2 1000
1 2 0
1 4 1000
3 4 0
2000
0 0
4
0 1 1000
0 2 1000
1 2 0
1 3 1000
2 3 1000
16
0 0
8
0 1 4
0 2 5
0 3 7
1 4 4
2 4 5
2 5 0
2 6 0
3 5 7
3 6 0
4 7 7
5 7 6
6 7 0
2
0 0
2
0 1 2
0
0 0
2
1 0 0
2
0 0
2
0 1 2
1 0 0
10
0 0
8
0 1 10
1 2 10
2 3 10
3 4 10
4 5 10
5 6 10
6 7 10
50
0 0
7
0 1 10
0 2 10
0 3 10
0 4 10
0 5 10
1 6 10
2 6 10
3 6 10
4 6 10
5 6 10
2000
0 0
5
0 1 1000
0 2 1000
1 2 0
1 4 1000
3 4 0
2000
0 0
4
0 1 1000
0 2 1000
1 2 0
1 3 1000
2 3 1000
16
0 0
8
0 1 4
0 2 5
0 3 7
1 4 4
2 4 5
2 5 0
2 6 0
3 5 7
3 6 0
4 7 7
5 7 6
6 7 0
2
0 0
2
0 1 2
0
0 0
2
1 0 0
2
0 0
2
0 1 2
1 0 0
10
0 0
8
0 1 10
1 2 10
2 3 10
3 4 10
4 5 10
5 6 10
6 7 10
50
0 0
7
0 1 10
0 2 10
0 3 10
0 4 10
0 5 10
1 6 10
2 6 10
3 6 10
4 6 10
5 6 10
2000
0 0
5
0 1 1000
0 2 1000
1 2 0
1 4 1000
3 4 0
2000
0 0
4
0 1 1000
0 2 1000
1 2 0
1 3 1000
2 3 1000
16
0 0
8
0 1 4
0 2 5
0 3 7
1 4 4
2 4 5
2 5 0
2 6 0
3 5 7
3 6 0
4 7 7
5 7 6
6 7 0
2
0 0
2
0 1 2
0
0 0
2
1 0 0
2
0 0
2
0 1 2
1 0 0
10
0 0
8
0 1 10
1 2 10
2 3 10
3 4 10
4 5 10
5 6 10
6 7 10
50
0 0
7
0 1 10
0 2 10
0 3 10
0 4 10
0 5 10
1 6 10
2 6 10
3 6 10
4 6 10
5 6 10
2000
0 0
5
0 1 1000
0 2 1000
1 2 0
1 4 1000
3 4 0
2000
0 0
4
0 1 1000
0 2 1000
1 2 0
1 3 1000
2 3 1000
16
0 0
8
0 1 4
0 2 5
0 3 7
1 4 4
2 4 5
2 5 0
2 6 0
3 5 7
3 6 0
4 7 7
5 7 6
6 7 0
2
0 0
2
0 1 2
0
0 0
2
1 0 0
2
0 0
2
0 1 2
1 0 0
10
0 0
8
0 1 10
1 2 10
2 3 10
3 4 10
4 5 10
5 6 10
6 7 10
50
0 0
7
0 1 10
0 2 10
0 3 10
0 4 10
0 5 10
1 6 10
2 6 10
3 6 10
4 6 10
5 6 10
2000
0 0
5
0 1 1000
0 2 1000
1 2 0
1 4 1000
3 4 0
2000
0 0
4
0 1 1000
0 2 1000
1 2 0
1 3 1000
2 3 1000
16
0 0
8
0 1 4
0 2 5
0 3 7
1 4 4
2 4 5
2 5 0
2 6 0
3 5 7
3 6 0
4 7 7
5 7 6
6 7 0
